gcn_amc_batch_size_v2.log {'vars': [16, 64, 256, 1024, 10240, 102400, 256000, 512000]}
         baseline        opt  real_ratio  base_sample  base_move  base_cal  opt_sample  opt_move   opt_cal         y         z  exp_ratio     1-y-z        r1        y1        z1   1-y1-z1
16       0.505346   0.370118    0.732405     0.004079   0.000283  0.004956    0.000054  0.000094  0.007393  0.437714  0.030422   0.541227  0.531864  1.353232  0.007097  0.012471  0.980433
64       0.503215   0.374946    0.745100     0.004296   0.000301  0.005417    0.000053  0.000092  0.007281  0.429024  0.030068   0.550089  0.540908  1.354507  0.007153  0.012339  0.980508
256      0.503279   0.331779    0.659234     0.004153   0.000293  0.004975    0.000055  0.000095  0.007110  0.440796  0.031118   0.537524  0.528086  1.226426  0.007559  0.013033  0.979409
1024     0.502008   0.406927    0.810599     0.004234   0.000299  0.005457    0.001142  0.000092  0.006847  0.423820  0.029953   0.555302  0.546227  1.459742  0.141363  0.011412  0.847225
10240    0.694438   0.527509    0.759620     0.004038   0.000282  0.006161    0.000038  0.000092  0.007000  0.385295  0.026934   0.596015  0.587770  1.274498  0.005399  0.012848  0.981754
102400   3.259646   3.131049    0.960549     0.004040   0.000283  0.017317    0.000046  0.000116  0.018877  0.186690  0.013063   0.804241  0.800246  1.194354  0.002419  0.006088  0.991493
256000   7.628394   7.509049    0.984355     0.004329   0.000285  0.036321    0.000045  0.000118  0.037910  0.105756  0.006970   0.889529  0.887275  1.106602  0.001189  0.003104  0.995708
512000  15.066390  15.097169    1.002043     0.004589   0.000349  0.070084    0.000061  0.000145  0.075732  0.061164  0.004646   0.935506  0.934190  1.071124  0.000808  0.001908  0.997284
gaan_amc_batch_size_v2.log {'vars': [16, 64, 256, 1024, 10240, 25600, 51200, 102400, 204800]}
         baseline        opt  real_ratio  base_sample  base_move  base_cal  opt_sample  opt_move   opt_cal         y         z  exp_ratio     1-y-z        r1        y1        z1   1-y1-z1
16       1.438634   0.816260    0.567386     0.008245   0.000441  0.019908    0.000044  0.000092  0.016105  0.288345  0.015435   0.702295  0.696220  0.807902  0.002731  0.005646  0.991623
64       1.447742   0.818444    0.565325     0.008161   0.000470  0.020152    0.000044  0.000086  0.016152  0.283526  0.016333   0.706138  0.700141  0.800586  0.002722  0.005269  0.992010
256      0.968815   0.715352    0.738378     0.004760   0.000389  0.014140    0.000042  0.000078  0.014113  0.246747  0.020181   0.738410  0.733072  0.999956  0.002966  0.005498  0.991536
1024     0.961506   0.773976    0.804963     0.004773   0.000311  0.014059    0.000059  0.000114  0.015214  0.249348  0.016252   0.739712  0.734400  1.088211  0.003812  0.007382  0.988806
10240    1.486561   1.140147    0.766969     0.007692   0.000434  0.019848    0.000057  0.000126  0.019946  0.274966  0.015523   0.715320  0.709511  1.072204  0.002827  0.006268  0.990905
25600    1.957492   1.847108    0.943610     0.004561   0.000360  0.025878    0.000056  0.000193  0.028234  0.148093  0.011697   0.843406  0.840210  1.118809  0.001982  0.006774  0.991243
51200    3.527580   3.305567    0.937064     0.004480   0.000329  0.049825    0.000067  0.000205  0.048276  0.081995  0.006015   0.913751  0.911990  1.025514  0.001380  0.004221  0.994399
102400   6.388816   6.327331    0.990376     0.004565   0.000291  0.087258    0.000066  0.000207  0.091083  0.049563  0.003154   0.948337  0.947283  1.044329  0.000728  0.002264  0.997008
204800  12.499419  12.505953    1.000523     0.004376   0.000282  0.170225    0.000048  0.000118  0.176606  0.025020  0.001615   0.973898  0.973365  1.027338  0.000272  0.000669  0.999059


gcn_amc_sage_bs.log {'vars': [16, 64, 256, 1024, 10240]}
        baseline        opt  real_ratio  base_sample  base_move  base_cal  opt_sample  opt_move   opt_cal         y         z  exp_ratio     1-y-z        r1        y1        z1   1-y1-z1
16      2.331136   2.074685    0.889989     0.034050   0.009148  0.003296    0.018458  0.018953  0.003947  0.732342  0.196761   0.737695  0.070896  1.206445  0.446304  0.458270  0.095426
64      2.359162   2.563623    1.086667     0.033957   0.009117  0.003752    0.015954  0.028945  0.006165  0.725165  0.194706   0.730662  0.080128  1.487236  0.312431  0.566831  0.120738
256     2.713803   2.343963    0.863719     0.034688   0.009542  0.003348    0.016184  0.020395  0.004374  0.729079  0.200549   0.734497  0.070373  1.175932  0.395175  0.498010  0.106815
1024    3.477720   3.187542    0.916561     0.035555   0.009571  0.003259    0.013829  0.025645  0.005211  0.734843  0.197806   0.740146  0.067352  1.238352  0.309473  0.573910  0.116618
10240  14.944482  14.906686    0.997471     0.033592   0.008804  0.010958    0.019644  0.028844  0.005668  0.629604  0.165015   0.637012  0.205382  1.565860  0.362725  0.532621  0.104654
gaan_amc_sage_bs.log {'vars': [16, 64, 256, 1024, 10240, 25600]}
        baseline        opt  real_ratio  base_sample  base_move  base_cal  opt_sample  opt_move   opt_cal         y         z  exp_ratio     1-y-z        r1        y1        z1   1-y1-z1
16      4.611345   4.304267    0.933408     0.039264   0.010783  0.035771    0.015671  0.027365  0.036902  0.457529  0.125649   0.468378  0.416822  1.992850  0.196034  0.342332  0.461634
64      4.262695   4.022187    0.943578     0.034545   0.008016  0.034626    0.013247  0.023912  0.035509  0.447552  0.103849   0.459628  0.448600  2.052918  0.182298  0.329056  0.488647
256     4.154209   4.254754    1.024203     0.030349   0.005645  0.038911    0.014073  0.023645  0.040467  0.405171  0.075357   0.529082  0.519472  1.935811  0.179998  0.302422  0.517580
1024    5.454154   5.531059    1.014100     0.036124   0.008592  0.055252    0.015683  0.028934  0.058362  0.361358  0.085945   0.561644  0.552698  1.805593  0.152293  0.280970  0.566737
10240  18.315841  18.055769    0.985801     0.034335   0.008413  0.307141    0.015608  0.027543  0.303235  0.098131  0.024044   0.880269  0.877825  1.119886  0.045060  0.079515  0.875425
25600  42.389874  43.176774    1.018563     0.033179   0.007865  0.789669    0.015795  0.028499  0.799219  0.039940  0.009468   0.951580  0.950592  1.070391  0.018726  0.033786  0.947489

gcn_amc_sage_bs_full.log {'vars': [16, 64, 256, 1024, 2560, 5120, 7680, 10240, 10880, 11520]}
        baseline        opt  real_ratio  base_sample  base_move  base_cal  opt_sample  opt_move   opt_cal         y         z  exp_ratio     1-y-z        r1        y1        z1   1-y1-z1
16      2.392135   2.378643    0.994360     0.035264   0.009190  0.003264    0.014379  0.003560  0.029369  0.739006  0.192587   0.744226  0.068407  1.336100  0.303939  0.075257  0.620804
64      2.608373   2.393275    0.917535     0.036848   0.011146  0.003782    0.013204  0.002321  0.031327  0.711687  0.215269   0.717453  0.073044  1.278879  0.281830  0.049540  0.668630
256     2.712359   2.449772    0.903189     0.035439   0.008741  0.003424    0.015740  0.002671  0.028762  0.744457  0.183618   0.749568  0.071925  1.204946  0.333667  0.056626  0.609708
1024    3.220858   2.609204    0.810096     0.030342   0.009920  0.004059    0.008768  0.001686  0.031776  0.684594  0.223830   0.690903  0.091575  1.172519  0.207619  0.039921  0.752460
2560    5.391078   4.061750    0.753421     0.033946   0.013170  0.004103    0.000096  0.000501  0.047931  0.662761  0.257139   0.669506  0.080100  1.125339  0.001980  0.010316  0.987703
5120    8.482667   7.027180    0.828416     0.037468   0.009083  0.003217    0.000080  0.000146  0.042652  0.752849  0.182502   0.757792  0.064649  1.093197  0.001868  0.003409  0.994723
7680   11.469947  10.278863    0.896156     0.034706   0.008987  0.003716    0.000089  0.000302  0.047952  0.732056  0.189563   0.737415  0.078381  1.215267  0.001832  0.006253  0.991915
10240  15.198097  13.700277    0.901447     0.036943   0.010936  0.011127    0.000082  0.000151  0.047066  0.626085  0.185339   0.633564  0.188575  1.422820  0.001735  0.003187  0.995078
10880  15.838190  15.108911    0.953954     0.034641   0.008830  0.008546    0.014552  0.000610  0.038291  0.665951  0.169756   0.672632  0.164293  1.418242  0.272239  0.011411  0.716350
11520  16.460418  16.251716    0.987321     0.029752   0.005806  0.009767    0.012155  0.001108  0.038431  0.656410  0.128099   0.663282  0.215491  1.488540  0.235126  0.021443  0.743431
gaan_amc_sage_bs_full.log {'vars': [16, 64, 256, 1024, 10240, 25600]}
        baseline        opt  real_ratio  base_sample  base_move  base_cal  opt_sample  opt_move   opt_cal         y         z  exp_ratio     1-y-z        r1        y1        z1   1-y1-z1
16      4.618860   3.984983    0.862763     0.036794   0.013305  0.037085    0.000128  0.006667  0.069314  0.422023  0.152607   0.436862  0.425370  1.974909  0.001682  0.087602  0.910717
64      4.434440   4.424643    0.997791     0.036264   0.009394  0.036117    0.000111  0.005439  0.080622  0.443465  0.114874   0.454595  0.441661  2.194898  0.001285  0.063123  0.935591
256     4.154779   3.754371    0.903627     0.029923   0.005864  0.040385    0.000077  0.004318  0.063522  0.392836  0.076978   0.539582  0.530185  1.674681  0.001139  0.063576  0.935285
1024    5.451981   4.983525    0.914076     0.035680   0.008674  0.055127    0.000117  0.007496  0.086108  0.358666  0.087191   0.563060  0.554143  1.623407  0.001245  0.079985  0.918770
10240  18.422633  17.180008    0.932549     0.035067   0.009211  0.307109    0.000075  0.000618  0.327619  0.099796  0.026214   0.876510  0.873990  1.063934  0.000229  0.001881  0.997890
25600  42.662893  42.943595    1.006580     0.034429   0.008403  0.790689    0.000088  0.001632  0.836955  0.041305  0.010081   0.949642  0.948614  1.059957  0.000105  0.001946  0.99794962893  42.943595    1.006580     0.034429   0.008403  0.790689    0.000088  0.001632  0.836955  0.041305  0.010081   0.949642  0.948614  1.059957  0.000105  0.001946  0.997949

# 结论:
1. 对于sage采样，随着图规模的变大，计算耗时增加，加速比下降。由于本身存在一定的overhead, 所以r1先下降再上升; 对于不同的模型和数据集，该临界值不同;

2. 对于cluster采样，随着图规模变大，计算耗时增加，加速比下降。实际加速比逐渐趋向期望加速比