,0,1,2,3,4,5,6
0,1024,0.9302237322441899,27.983662366867065,,,,
1,2048,0.9302237322441899,20.624289751052856,,,,
2,4096,0.9302237322441899,17.8982355594635,,,,
3,8192,0.9302237322441899,0.9302237322441899,16.58803915977478,17.376957178115845,,
4,9000,0.9302237322441899,0.9302237322441899,43.40226697921753,13.864345073699951
5,9100,0.9302237322441899,0.9302237322441899,14.231203079223633,13.738192558288574
6,9200,0.9302237322441899,0.9302237322441899,14.228338718414307,13.91577410697937
7,9400,0.9302237322441899,0.9302237322441899,14.507071018218994,14.25155258178711
8,16384,0.9302237322441899,0.9302237322441899,0.9302237322441899,16.407321453094482,15.469823598861694,15.744332790374756
